-0.0546397495127755 -0.0114005508984418 0.00185515220462981
-0.0518815081988829 -0.0108407100594703 0.000558646555110071
-0.0549257110375149 -0.0125938010859351 0.00343408033229109
-0.0547485894336888 -0.0127505492179712 0.00257642323036769
0.00466635153212151 0.0128759532936788 0.0152070048273632
0.0139545323921628 0.00833393808216365 0.0248381348076091
0.0275920057268143 -0.00306228439180717 0.0521647413555298
-0.00251718501779136 0.0154802890164032 0.00827206622379445
0.0265838052299654 -0.0392452011355449 -0.00918024233888588
0.0256447128759188 -0.0374311264092357 -0.0047085480616997
0.0269451986054319 -0.0384917470384607 -0.0031755866749196
0.0248582810933064 -0.0372939735524337 -0.00802658449584458
0.011966341815199 0.0306093605261925 -0.00345669650440494
0.00839193952671923 0.0350672272605017 -0.00485643615018428
0.0054463078870995 0.0345563698791345 -0.00582402906651355
0.00628775300211216 0.0349309724937798 -0.00768875822427538
0.0105097797427629 0.00117987502222652 -0.0148589541406535
0.00895453458179285 0.0115214610755309 -0.0158249354520046
0.00813548396343981 0.0116329851023232 -0.0134633928318176
0.00877571522580709 0.00692151203736577 -0.0178420855954915
